c = 
    7.30074    2.06122    -2.28511

A^T*A = 
        27.9173        10.1474        83.3933
        10.1474        9        45.01
        83.3933        45.01        315.113

covariance matrix = 
        0.215662        0.148002        -0.0782141
        0.148002        0.49054        -0.109236
        -0.0782141        -0.109236        0.0394754

