Løsningen er:
x=-1.1379
x=-2.83303
x=0.851459
Nu tester vi om løsningen passer.
v=6.23
v=5.37
v=2.29
Det passer!
